<?xml version="1.0"?>
<opencv_storage>
<camera_matrix type_id="opencv-matrix">
  <rows>3</rows>
  <cols>3</cols>
  <dt>d</dt>
  <data>
    10.0e+02 0. 3.2e+02 0.
    10.0e+02 2.4e+02 0. 0. 1.</data></camera_matrix>
<distortion_matrix type_id="opencv-matrix">
  <rows>5</rows>
  <cols>1</cols>
  <dt>d</dt>
  <data>
    3.9612894485126768e-02 1.4499801386532838e+00
    -1.0025452795395471e-02 1.1648224613421699e-02
    -6.5500124049362318e+00</data></distortion_matrix>
</opencv_storage>
